 		 Inside Next Frame Transformation Method
  			(x, y, angle values Respectively)

-0.151631	-0.195245	-0.000168261
-1.58938	0.08284	-0.000537679
-2.35372	-0.184697	-0.000373724
-2.27551	0.676245	-0.000745725
-1.804	1.27563	-0.00138244
-1.06123	1.7806	-0.00149046
-0.474701	2.26007	-0.00178303
-0.311255	2.03655	-0.00174427
0.157096	1.57512	-0.00119919
0.98834	1.33411	-0.00119417
1.89409	1.42463	-0.00137082
2.25635	0.550578	-0.00170717
3.37348	-0.681295	-0.00136984
4.97303	-1.05263	-0.00122586
6.96957	-1.4202	-0.000733346
9.17673	-1.95262	-0.000561617
10.3344	-1.81861	-0.00057379
11.1525	-1.83962	-0.000199328
11.7205	-1.63794	-0.000595816
12.3037	-2.05157	-0.000451911
14.955	-2.06634	-0.000238646
18.8851	-1.80877	-0.000436514
20.2857	-2.54527	0.000382456
20.3125	-1.91293	0.000921711
16.1353	-1.66167	0.000131523
13.4479	-0.808578	0.000273591
11.9989	0.133663	0.000204254
12.5063	1.25817	0.000344871
12.3069	0.236	0.00162919
7.49946	-0.421711	0.00137061
10.0925	0.359708	0.00127192
11.1936	1.90778	0.000987545
11.0839	2.88536	0.00122933
15.7259	6.8932	0.00158729
15.0911	9.82707	0.00274654
8.73891	6.13068	0.00286101
5.86312	4.40018	0.00211952
2.49807	2.37534	0.00131458
0.936268	1.02095	0.000619709
0.481423	2.20843	0.000250223
-2.47577	0.799497	0.000100266
-4.61193	-0.322558	0.000227959
-7.08919	-0.982896	0.000351594
-8.81378	-1.5184	0.000642063
-9.93819	-1.88362	0.000613965
-11.2462	-2.17518	0.000881112
-12.8794	-2.26078	0.000804943
-19.1296	-2.97792	0.000482921
-20.7817	-3.00534	0.000602861
-17.1408	-3.19541	0.000334524
-15.5987	-3.90933	0.000177305
-12.0649	-3.08741	6.07674e-005
-10.5507	-2.21303	-0.0007109
-14.0192	-3.37351	-0.00178069
-20.2955	-5.87955	-0.00336908
-16.7898	-4.00246	-0.0036387
-13.3883	-1.14014	-0.00363292
-11.5174	0.195843	-0.00352473
-14.2821	0.358581	-0.00391784
-11.8583	1.07629	-0.00286106
-8.62458	2.28084	-0.00197094
-5.77157	3.58617	-0.00101669
-4.43582	4.73367	-0.00059852
-4.80384	5.25308	-0.000715396
-4.5841	5.33497	-0.00089758
-3.91522	4.85513	-0.00152187
-3.41391	3.95487	-0.00169536
-1.8599	2.68481	-0.00113184
0.652811	2.78217	-0.00120984
2.17271	1.93446	-0.000709851
3.7472	-0.292641	0.00055284
4.56823	-1.42502	0.000565698
3.37778	-3.56328	0.00121194
3.59769	-6.12287	0.00224558
2.8938	-8.51219	0.00311106
4.0367	-19.3025	0.00540896
3.11683	-12.9049	0.00384254
3.81853	-3.40615	0.00254421
4.48748	-3.1318	0.00304928
8.39717	-4.55676	0.00471894
8.49726	-3.6807	0.00506827
7.56943	-3.0989	0.00369267
6.32531	-1.3464	0.00155645
4.40698	0.299583	0.000369864
3.26248	0.539952	0.000458844
2.70772	1.66282	0.0003946
1.71326	2.05564	0.000852579
1.31314	2.6095	0.000465826
0.238535	2.94145	9.41983e-005
-1.16808	3.66462	-2.98192e-005
-3.2626	3.85276	-0.000185062
-4.79503	3.98647	-0.000896917
-6.24816	4.29788	-0.00138074
-6.89826	3.09778	-0.00150545
-7.45276	3.31085	-0.00220819
-8.83555	1.6059	-0.00228401
-10.692	-0.595813	-0.00314087
-11.8818	-2.65958	-0.00393467
-12.0719	-4.02987	-0.00428245
-16.5401	-7.27443	-0.00569698
-20.0018	-9.33525	-0.00660253
-17.8941	-7.7099	-0.00502357
-14.807	-7.36915	-0.00307245
-5.92476	-2.78707	-0.000668357
-10.627	-3.566	-0.00202281
-13.0894	-3.87347	-0.00212578
-13.2079	-4.0353	-0.00237954
-12.1368	-3.73636	-0.00133744
-11.3944	-2.60816	-0.00194095
-9.63868	-2.21713	-0.00150515
-6.78732	-1.74757	-0.000939456
-3.1536	-0.812589	-0.000533123
0.733841	-0.0504742	0.000785508
5.32499	1.07664	0.00140216
9.54908	2.84347	0.0016453
11.2746	4.59537	0.00123713
10.9903	3.57879	0.00230049
12.1381	0.579344	0.00251387
14.8909	-0.0641082	0.00183081
19.7756	-0.240653	0.00387996
29.7077	5.38512	0.00551693
24.6155	29.669	-0.0144759
32.6322	7.13219	0.00886686
24.9746	2.94061	0.00778157
17.7188	-1.03254	0.00485763
20.1044	-0.188058	0.00222135
20.72	1.11677	-0.000644692
17.6828	1.56716	-0.000720724
8.57777	0.0647786	-0.00118812
-0.319155	-1.10807	-0.000400314
-0.992214	-1.58774	-0.000359086
6.31123	-0.898906	-0.000663122
1.96705	-1.09737	-0.00117525
-2.59369	-1.30637	-0.00163818
-6.85966	-1.56245	-0.00248682
-9.88074	-0.576371	-0.00292209
-12.3164	0.693216	-0.00247775
-25.8703	-1.71326	-0.00274422
-20.8258	-2.85786	-0.00181979
-33.2625	-3.72502	-0.00494517
-33.1584	-1.99084	-0.00476346
-18.4753	5.0994	-0.00144333
-35.2992	3.2944	-0.00660442
-46.7581	1.50823	-0.0106056
-19.7576	-10.678	0.0110441
-42.0353	-5.9972	-0.00197141
-37.7719	-1.17534	-0.00323697
-34.2824	0.771862	-0.00227368
-35.2426	2.90572	-0.00405487
-38.4928	1.53768	-0.00416299
-40.5438	-0.828202	-0.00410099
-36.4788	-0.0965478	-0.00464089
-24.634	1.64264	-0.00060429
-14.2845	4.82963	0.00196872
-9.90594	3.96965	0.00211279
-5.74816	3.6817	0.00154898
-1.78325	2.89893	0.000753666
0.0795931	0.186355	-6.38561e-005
-8.63795	3.78871	0.000609672
-8.47694	5.70749	0.00151223
-7.0188	6.30091	0.00207296
-5.68654	3.31925	0.00387084
-0.860534	1.33748	0.00483568
2.6348	0.937801	0.00506894
5.21276	1.30318	0.00531822
10.4613	1.65111	0.00658287
9.85248	0.068184	0.00471534
4.01326	-1.23671	0.00189449
6.56826	-4.47953	0.00400577
6.83177	-5.57495	0.00276437
7.52944	-5.37868	0.00117807
7.71675	-4.439	0.00106619
6.63336	-3.88245	0.000652317
6.80843	-3.65124	0.00087014
6.38517	-3.1918	0.00152043
7.38409	-3.37409	0.00177219
8.09826	-3.19532	0.00148972
8.63662	-2.66561	0.000826127
8.9852	-1.69226	0.000246319
9.01091	-1.5549	0.000874427
8.47048	-1.04665	0.000718898
8.31686	-0.849636	0.00097625
9.99787	-0.0862179	0.00116519
10.8453	2.14054	0.000698762
10.21	2.48782	0.00108215
9.08591	2.81432	0.000885872
7.18138	1.09202	0.000123179
7.82348	1.24474	-0.00025423
8.94493	2.37361	-0.000197024
10.0803	3.4975	-0.000534773
8.84346	3.36412	-0.0035257
7.35441	1.78065	-0.00403021
7.17805	-0.613384	-0.00363593
7.54312	-2.70037	-0.00305962
8.23002	-3.99243	-0.00211169
9.12045	-5.16296	-0.000753227
16.4753	-7.82572	0.00124444
26.2161	-7.38747	0.0012753
26.1354	-2.83364	-0.000591383
26.0069	-1.28159	-0.000495676
25.1614	-0.293633	-0.000582576
23.7642	1.00127	-0.000766813
22.0414	1.3439	-0.00125538
21.5932	1.62358	-0.000807622
19.2585	2.69906	-0.00107607
13.1102	2.60217	-0.000972884
6.43836	3.36635	-0.0020284
-0.56055	2.11638	-0.00072867
7.6428	6.65442	-0.000343869
6.34607	6.2001	0.00286957
-0.0948246	-0.365455	0.00256979
-0.656	-0.617299	0.00282495
-3.87245	0.202697	0.00119165
-4.75813	2.52837	0.0011285
-4.6636	4.08153	0.0014748
-5.7603	2.87755	0.00193562
-7.94143	0.690984	0.00254086
-10.8369	-2.48131	0.00249954
-14.1807	-4.56536	0.0014203
-16.574	-5.17914	0.000197336
-16.1552	-5.2943	8.42634e-005
-13.2005	-4.85473	0.000220367
-13.6415	-5.14021	0.000142589
-13.1909	-5.28328	0.000696284
-12.9041	-5.26901	0.000735788
-12.5919	-4.94543	0.000429398
-13.9793	-4.56663	-0.000108058
-16.2654	-5.09015	-0.000809272
-16.5692	-4.7847	-0.000325716
-15.3116	-3.42443	-0.00014475
-14.1126	0.8412	-0.00210582
-17.0723	0.730016	-0.00104103
-17.9973	2.1443	-0.00270258
-17.3281	2.73264	-0.00461517
-15.9476	3.44294	-0.00368363
-13.5825	7.90545	-0.00328468
-16.6598	15.8634	-0.0041276
-8.48166	10.0343	-0.00363547
-3.71606	4.45107	-0.00300193
0.82889	-0.324933	-0.000470174
1.07002	2.21886	-0.0018773
2.26165	-0.0629959	-0.00198291
3.311	-2.6413	-0.00201507
3.00246	-5.4592	-0.000887776
3.21708	-7.17772	-0.000284985
4.00068	-8.8954	-0.00011348
6.91427	-7.70498	-0.000829034
8.79555	-6.58942	-0.00109748
11.7928	-5.42104	-0.000334444
16.438	-4.35637	-0.00040493
12.1116	-3.18032	0.000189157
7.08635	-0.993124	-0.000378235
9.62594	0.944531	-0.000210469
15.2274	6.21923	0.00191434
13.9156	1.72273	0.00501029
13.2127	-0.195052	0.00343576
7.922	-0.0449018	0.00197917
15.9717	1.76554	0.00492774
28.1655	6.73661	0.008673
21.4063	7.69359	0.00720791
14.4848	5.64483	0.00457178
5.59361	1.46338	0.00185058
-1.31842	-1.78711	0.000933198
2.40304	-2.07076	0.00255014
3.20109	-3.48048	0.00251496
1.5058	-5.02188	0.00193742
-0.475322	-5.86154	0.00137811
-1.39081	-6.64519	0.00157102
-2.9121	-6.63497	0.000779875
-5.75038	-6.80344	0.000498044
-8.74657	-6.8466	-0.000268868
-9.23897	-6.53029	-0.000304379
-9.39853	-5.76749	-0.000620742
-8.2672	-4.57515	-0.000850855
-7.04042	-1.42847	-0.000913528
-7.80048	0.116137	6.8079e-005
-10.5259	1.05557	-0.00156961
-12.8444	-1.50808	-0.00160544
-11.4246	-0.523858	-0.00342081
-11.1676	0.2859	-0.00392982
-10.5102	0.0692011	-0.00385589
-8.3201	0.816152	-0.0039392
-5.04703	1.71466	-0.00348488
-2.56129	2.19764	-0.00224062
-0.411905	2.13374	-0.000397149
1.93232	1.84773	0.000891908
4.59008	0.952645	0.00101368
7.49878	0.712445	-0.000123721
9.69131	0.302126	-0.000523607
11.1574	-0.757139	-0.00140043
14.0694	-1.91992	-0.00182568
18.2594	-3.0776	-0.00190771
25.0435	-4.52557	-0.000841002
26.3023	-5.00311	0.00121818
18.3225	-3.69397	-0.000972456
11.0872	-1.28347	-0.00110631
9.93838	-1.27431	0.00105408
15.3457	-5.85217	0.00320664
9.75836	-8.75821	0.000273467
