 		 Inside Generate Transformation Method
  			(x, y, angle values Respectively)

-6.83828	4.57328	-0.00531144
-6.51059	5.43879	-0.00584197
-4.51274	5.87069	-0.00600095
-1.45368	6.4214	-0.00631192
1.89775	5.96769	-0.00620849
5.21674	4.76474	-0.00542315
8.22262	2.94129	-0.0044933
11.0455	0.540932	-0.00321967
14.0746	-1.70735	-0.00196253
16.9788	-3.5756	-0.00122436
19.4723	-5.27332	-0.000458665
22.3053	-6.86547	-3.61928e-005
25.8178	-7.70872	0.00076644
29.2924	-7.40239	0.00129343
32.0443	-6.83605	0.00171822
33.5258	-6.0014	0.00172935
33.4222	-4.71275	0.00164946
32.779	-3.60582	0.00168306
31.9185	-2.56362	0.00150285
30.8398	-1.81818	0.00184149
29.6113	-0.70551	0.00215366
26.1744	0.444928	0.00236487
19.2277	1.44898	0.00291378
11.4686	3.55022	0.00278454
4.16461	5.53721	0.0023052
1.12203	7.6325	0.00278721
0.609066	9.17721	0.00325483
1.17188	9.97939	0.00388171
0.740833	9.79328	0.00440697
-0.0259832	10.8125	0.00368819
3.31083	12.6252	0.00325429
3.12289	13.7395	0.00294131
0.596965	13.3451	0.00295023
-3.20494	12.022	0.00272972
-13.0894	6.69243	0.0021366
-23.6429	-1.59544	0.000419929
-29.0979	-6.25608	-0.00138592
-33.1594	-9.33438	-0.002437
-35.4411	-10.5909	-0.00267086
-37.5632	-10.6564	-0.0022715
-40.3303	-12.0754	-0.00155948
-41.1954	-12.2497	-0.000755171
-40.9598	-11.4982	-0.000159436
-39.4423	-10.3843	0.00016933
-37.9155	-9.34319	-2.83897e-005
-36.7824	-8.5954	-0.00050207
-35.395	-7.90227	-0.00155213
-33.202	-7.32376	-0.0027948
-25.5579	-6.12413	-0.00396461
-16.871	-4.89446	-0.00542011
-12.2586	-3.47126	-0.00671304
-9.34525	-1.20144	-0.00790195
-9.95726	0.487225	-0.00901367
-11.9747	1.59847	-0.00940453
-10.3222	4.19654	-0.00879892
-2.1066	9.62154	-0.00670662
2.97629	13.4614	-0.0044674
5.18238	14.6744	-0.00232618
6.45966	14.8257	-0.000373753
11.5947	15.0495	0.00190927
15.3005	14.6938	0.0031459
16.733	13.2519	0.00351091
16.0478	10.4819	0.00297649
14.7006	6.37834	0.00216468
14.5268	1.51062	0.00170269
15.292	-4.07816	0.00184088
16.3362	-9.61104	0.00295962
17.6985	-14.3516	0.004546
18.2689	-17.9805	0.0058819
17.4065	-21.9408	0.00770709
15.9936	-25.28	0.00940986
13.7773	-26.6482	0.0101196
11.316	-27.119	0.0109391
10.4663	-25.6626	0.0111584
9.78076	-21.8711	0.0104
10.1463	-15.8651	0.00883767
9.63705	0.797931	0.00509049
10.2727	10.9993	0.00301265
10.3066	11.714	0.00229152
9.58487	12.1965	0.00112151
4.6946	14.1953	-0.00169317
-0.702536	15.5218	-0.00492621
-5.6869	16.5389	-0.00687635
-9.91649	16.1208	-0.00681966
-12.754	14.506	-0.00578847
-15.0055	13.1325	-0.00510317
-17.4036	11.527	-0.00476076
-19.5215	10.0166	-0.00524667
-21.9959	7.92259	-0.00567091
-24.3971	5.29937	-0.00614001
-26.7439	1.72543	-0.00702421
-28.253	-2.22852	-0.00823373
-29.2952	-6.51952	-0.00905354
-29.4676	-11.1905	-0.00949548
-29.7058	-14.8455	-0.00992664
-30.1682	-18.9238	-0.00977813
-30.0056	-21.5684	-0.00968592
-28.6462	-22.2871	-0.00884112
-26.702	-21.1905	-0.00731714
-25.0381	-18.9692	-0.00552153
-19.1736	-13.7612	-0.00235471
-9.84217	-6.71442	0.00170108
-2.35519	-1.48527	0.00425803
2.59578	3.24974	0.00499638
-0.552263	3.39056	0.00348067
1.89367	4.37147	0.00348349
7.74611	5.75381	0.00380758
14.8042	7.35393	0.0046547
22.0661	8.77871	0.00473426
30.1021	9.25572	0.00580602
38.5848	9.94455	0.00697598
46.3406	12.0212	0.00720532
52.8688	13.8695	0.00768978
57.4039	15.4468	0.00737246
58.4737	15.9804	0.00670164
56.7829	14.9081	0.00598977
54.9765	12.3215	0.00575661
54.9253	11.0183	0.00453908
54.7128	12.8955	0.00311528
52.2749	15.4876	0.0024479
45.364	18.2862	-0.000214056
29.1447	15.4995	-0.00449982
18.2616	-11.5847	0.0111767
-0.796779	-16.1918	0.00339502
-12.7778	-16.7331	-0.00348657
-18.4282	-13.464	-0.00766171
-27.5876	-11.2253	-0.00937747
-39.1179	-10.5434	-0.00846741
-49.1807	-10.4756	-0.00768768
-52.4314	-9.07965	-0.00676323
-49.3059	-6.59425	-0.00703817
-47.8018	-3.64279	-0.00768578
-56.4542	-2.63609	-0.00765452
-64.5429	-1.69873	-0.0080384
-70.2009	-1.20089	-0.00780398
-74.4385	-0.683373	-0.00704612
-78.4109	-1.19895	-0.00611291
-82.5669	-3.00054	-0.00570161
-75.6893	-2.3319	-0.0051826
-76.0976	-0.448538	-0.00572969
-65.9846	2.31532	-0.00332763
-57.6656	3.41601	-0.00131117
-65.5033	-2.45252	-0.00261203
-57.291	-6.23381	0.0013979
-37.9679	-7.9777	0.00958764
-45.5924	2.71442	-0.00368012
-30.5536	8.89117	-0.00375736
-19.188	10.2219	-0.00245409
-10.4912	9.86749	-0.0019544
-0.246169	7.78707	0.00048515
14.4987	7.55211	0.00336701
32.6028	9.93589	0.00659803
47.4807	11.4089	0.010668
52.3201	11.0305	0.0112572
49.2848	7.4553	0.0100316
43.31	5.32721	0.00844957
35.6483	3.7759	0.00774975
26.0114	3.00444	0.0080896
16.4569	4.69549	0.00954599
17.6236	2.38034	0.0106536
20.8207	-2.18295	0.011113
24.8578	-7.51159	0.0112576
29.6157	-10.0389	0.00985652
31.0448	-10.8364	0.00756076
29.9628	-11.6163	0.00501039
27.1262	-13.1113	0.00219453
19.7004	-15.2816	-0.0018888
13.3796	-16.1341	-0.00410116
13.3221	-15.771	-0.00347789
11.55	-12.4197	-0.00495329
10.3215	-8.29448	-0.00522507
9.12554	-4.70608	-0.00396278
8.48915	-2.21952	-0.00271745
9.49357	-0.251265	-0.00125524
10.6836	1.55958	-0.000200706
12.4814	2.98294	-7.52522e-006
13.1241	4.56198	-0.000373708
12.9559	6.01827	-0.000694061
12.4843	7.11677	-0.00045042
11.8313	7.62178	0.000156812
11.2484	8.4151	-0.00016359
11.1976	9.04109	-0.000576477
11.2748	9.65224	-0.00147063
9.71426	9.55626	-0.00273047
7.37396	7.21727	-0.00366589
5.79927	4.43714	-0.00509296
5.78156	1.11853	-0.00634888
8.53115	-0.677405	-0.00685232
11.4719	-2.63406	-0.00704585
14.1018	-5.70004	-0.00733192
16.3653	-9.82984	-0.00734962
20.594	-13.7287	-0.00444715
26.9653	-15.9397	-0.00114643
34.0651	-15.6752	0.00166606
41.2004	-13.2972	0.00381773
47.787	-9.62163	0.0049236
53.357	-4.74925	0.00453225
51.2036	2.83466	0.00210265
39.3007	10.2379	-0.000362061
27.3548	13.2696	-0.000814067
15.0528	14.5652	-0.00121394
3.144	14.6833	-0.00122451
-7.90225	13.4314	-0.000802176
-17.794	11.9864	0.000335603
-27.8189	10.5847	0.00124155
-36.1752	8.43472	0.00260866
-39.1958	6.66033	0.00402946
-36.8451	4.37627	0.00656553
-29.4191	3.47656	0.00780879
-32.2303	-2.07288	0.00870479
-35.7525	-7.35908	0.00641499
-34.6605	-6.29692	0.00446319
-34.7886	-5.27537	0.00229954
-33.3779	-5.38939	0.00186212
-32.7243	-8.15731	0.00156135
-33.6819	-12.8424	0.000985969
-34.8328	-16.6649	-9.05109e-006
-34.8837	-18.7035	-0.00155126
-32.8015	-17.8985	-0.00303296
-28.4685	-15.4893	-0.00342593
-22.7164	-12.7215	-0.00283287
-18.1916	-9.78647	-0.00229867
-17.4473	-7.15946	-0.0021638
-16.9027	-4.12649	-0.00222766
-17.3415	-0.906905	-0.00307437
-18.4918	2.4805	-0.00418722
-20.4734	6.16271	-0.0052824
-21.0933	9.91103	-0.00613425
-19.088	14.513	-0.00654685
-16.0641	19.0114	-0.00753303
-13.4578	22.5019	-0.00879897
-11.1734	21.9758	-0.00820228
-5.14296	21.6663	-0.00877683
2.60502	19.9273	-0.00773889
10.4651	17.5098	-0.00483509
17.7497	14.2093	-0.00290327
23.598	6.31492	-0.00143033
33.6082	-9.63376	0.000838423
36.7763	-19.7691	0.00263766
36.7506	-24.3008	0.00379958
33.4858	-24.0449	0.00244564
30.9893	-26.4201	0.00258109
28.5726	-26.5033	0.0028617
26.6887	-23.8141	0.00339433
26.601	-18.3551	0.00325802
27.6874	-11.3508	0.00285794
29.0142	-3.00748	0.00253701
28.9812	3.47415	0.00336284
28.8121	8.68317	0.00504324
26.842	12.8782	0.00644679
20.8771	16.2929	0.00816091
19.4539	18.4955	0.00945846
22.8855	18.4289	0.0114623
23.7343	16.4517	0.0135157
18.991	9.29409	0.0136064
15.4781	6.73563	0.0107069
12.455	6.23942	0.00945299
14.327	5.64353	0.00976997
7.59183	3.23502	0.00722777
-12.1725	-4.21038	0.000979954
-26.3769	-12.7313	-0.00379629
-34.6765	-19.3631	-0.00595992
-34.8699	-22.0407	-0.00541389
-29.0033	-21.7307	-0.00398097
-27.9186	-21.5012	-0.00429965
-28.666	-19.9385	-0.00481849
-28.8485	-16.7749	-0.00499814
-28.0388	-12.8412	-0.00478918
-27.6182	-8.23293	-0.00517068
-27.5492	-3.94205	-0.00536117
-26.1619	0.15424	-0.00579668
-22.8643	4.06375	-0.00587056
-19.581	7.66891	-0.006163
-16.1973	10.701	-0.00629021
-14.079	12.741	-0.00632766
-13.2479	11.888	-0.00637972
-11.5099	9.77497	-0.00745737
-6.6667	7.03551	-0.00696885
1.02267	7.19052	-0.00654424
7.96221	6.6412	-0.00440809
15.5886	5.51468	-0.00187359
23.8435	4.78434	0.00050895
31.5409	3.4025	0.00294924
37.6652	1.15856	0.00502279
42.57	-1.5264	0.00584627
46.1886	-4.14056	0.00481711
48.3077	-6.53492	0.00254585
49.001	-8.36313	0.00038025
47.862	-10.2964	-0.000558472
39.3639	-10.5768	-0.000866072
30.1132	-9.81077	-0.000177515
18.7461	-7.88479	0.00107142
3.99636	-4.84842	0.00256624
-16.7833	-0.476388	0.00316055
-38.0824	4.2062	0.00181216
-50.6576	7.38144	0.00266417
-55.2619	7.92424	0.0035629
-58.0195	8.25505	0.00218216
-65.5604	12.9274	-0.00139927
