 		 Inside Next Frame Transformation Method
  0.999986	0.00531141	-0.00531141	0.999986	-6.83828	4.57328
0.999983	0.00584194	-0.00584194	0.999983	-6.51059	5.43879
0.999982	0.00600091	-0.00600091	0.999982	-4.51274	5.87069
0.99998	0.00631188	-0.00631188	0.99998	-1.45368	6.4214
0.999981	0.00620845	-0.00620845	0.999981	1.89775	5.96769
0.999985	0.00542313	-0.00542313	0.999985	5.21674	4.76474
0.99999	0.00449329	-0.00449329	0.99999	8.22262	2.94129
0.999995	0.00321966	-0.00321966	0.999995	11.0455	0.540932
0.999998	0.00196253	-0.00196253	0.999998	14.0746	-1.70735
0.999999	0.00122436	-0.00122436	0.999999	16.9788	-3.5756
1	0.000458665	-0.000458665	1	19.4723	-5.27332
1	3.61928e-005	-3.61928e-005	1	22.3053	-6.86547
1	-0.00076644	0.00076644	1	25.8178	-7.70872
0.999999	-0.00129343	0.00129343	0.999999	29.2924	-7.40239
0.999999	-0.00171822	0.00171822	0.999999	32.0443	-6.83605
0.999999	-0.00172935	0.00172935	0.999999	33.5258	-6.0014
0.999999	-0.00164946	0.00164946	0.999999	33.4222	-4.71275
0.999999	-0.00168306	0.00168306	0.999999	32.779	-3.60582
0.999999	-0.00150285	0.00150285	0.999999	31.9185	-2.56362
0.999998	-0.00184149	0.00184149	0.999998	30.8398	-1.81818
0.999998	-0.00215366	0.00215366	0.999998	29.6113	-0.70551
0.999997	-0.00236487	0.00236487	0.999997	26.1744	0.444928
0.999996	-0.00291378	0.00291378	0.999996	19.2277	1.44898
0.999996	-0.00278453	0.00278453	0.999996	11.4686	3.55022
0.999997	-0.0023052	0.0023052	0.999997	4.16461	5.53721
0.999996	-0.00278721	0.00278721	0.999996	1.12203	7.6325
0.999995	-0.00325482	0.00325482	0.999995	0.609066	9.17721
0.999992	-0.0038817	0.0038817	0.999992	1.17188	9.97939
0.99999	-0.00440695	0.00440695	0.99999	0.740833	9.79328
0.999993	-0.00368819	0.00368819	0.999993	-0.0259832	10.8125
0.999995	-0.00325429	0.00325429	0.999995	3.31083	12.6252
0.999996	-0.0029413	0.0029413	0.999996	3.12289	13.7395
0.999996	-0.00295022	0.00295022	0.999996	0.596965	13.3451
0.999996	-0.00272972	0.00272972	0.999996	-3.20494	12.022
0.999998	-0.0021366	0.0021366	0.999998	-13.0894	6.69243
1	-0.000419929	0.000419929	1	-23.6429	-1.59544
0.999999	0.00138592	-0.00138592	0.999999	-29.0979	-6.25608
0.999997	0.002437	-0.002437	0.999997	-33.1594	-9.33438
0.999996	0.00267086	-0.00267086	0.999996	-35.4411	-10.5909
0.999997	0.0022715	-0.0022715	0.999997	-37.5632	-10.6564
0.999999	0.00155948	-0.00155948	0.999999	-40.3303	-12.0754
1	0.000755171	-0.000755171	1	-41.1954	-12.2497
1	0.000159436	-0.000159436	1	-40.9598	-11.4982
1	-0.00016933	0.00016933	1	-39.4423	-10.3843
1	2.83897e-005	-2.83897e-005	1	-37.9155	-9.34319
1	0.00050207	-0.00050207	1	-36.7824	-8.5954
0.999999	0.00155213	-0.00155213	0.999999	-35.395	-7.90227
0.999996	0.0027948	-0.0027948	0.999996	-33.202	-7.32376
0.999992	0.0039646	-0.0039646	0.999992	-25.5579	-6.12413
0.999985	0.00542008	-0.00542008	0.999985	-16.871	-4.89446
0.999977	0.00671299	-0.00671299	0.999977	-12.2586	-3.47126
0.999969	0.00790186	-0.00790186	0.999969	-9.34525	-1.20144
0.999959	0.00901354	-0.00901354	0.999959	-9.95726	0.487225
0.999956	0.00940439	-0.00940439	0.999956	-11.9747	1.59847
0.999961	0.0087988	-0.0087988	0.999961	-10.3222	4.19654
0.999978	0.00670657	-0.00670657	0.999978	-2.1066	9.62154
0.99999	0.00446738	-0.00446738	0.99999	2.97629	13.4614
0.999997	0.00232617	-0.00232617	0.999997	5.18238	14.6744
1	0.000373753	-0.000373753	1	6.45966	14.8257
0.999998	-0.00190927	0.00190927	0.999998	11.5947	15.0495
0.999995	-0.00314589	0.00314589	0.999995	15.3005	14.6938
0.999994	-0.0035109	0.0035109	0.999994	16.733	13.2519
0.999996	-0.00297648	0.00297648	0.999996	16.0478	10.4819
0.999998	-0.00216468	0.00216468	0.999998	14.7006	6.37834
0.999999	-0.00170269	0.00170269	0.999999	14.5268	1.51062
0.999998	-0.00184088	0.00184088	0.999998	15.292	-4.07816
0.999996	-0.00295962	0.00295962	0.999996	16.3362	-9.61104
0.99999	-0.00454598	0.00454598	0.99999	17.6985	-14.3516
0.999983	-0.00588187	0.00588187	0.999983	18.2689	-17.9805
0.99997	-0.00770701	0.00770701	0.99997	17.4065	-21.9408
0.999956	-0.00940972	0.00940972	0.999956	15.9936	-25.28
0.999949	-0.0101195	0.0101195	0.999949	13.7773	-26.6482
0.99994	-0.0109389	0.0109389	0.99994	11.316	-27.119
0.999938	-0.0111582	0.0111582	0.999938	10.4663	-25.6626
0.999946	-0.0103998	0.0103998	0.999946	9.78076	-21.8711
0.999961	-0.00883755	0.00883755	0.999961	10.1463	-15.8651
0.999987	-0.00509047	0.00509047	0.999987	9.63705	0.797931
0.999995	-0.00301265	0.00301265	0.999995	10.2727	10.9993
0.999997	-0.00229152	0.00229152	0.999997	10.3066	11.714
0.999999	-0.00112151	0.00112151	0.999999	9.58487	12.1965
0.999999	0.00169317	-0.00169317	0.999999	4.6946	14.1953
0.999988	0.00492619	-0.00492619	0.999988	-0.702536	15.5218
0.999976	0.00687629	-0.00687629	0.999976	-5.6869	16.5389
0.999977	0.0068196	-0.0068196	0.999977	-9.91649	16.1208
0.999983	0.00578844	-0.00578844	0.999983	-12.754	14.506
0.999987	0.00510315	-0.00510315	0.999987	-15.0055	13.1325
0.999989	0.00476074	-0.00476074	0.999989	-17.4036	11.527
0.999986	0.00524665	-0.00524665	0.999986	-19.5215	10.0166
0.999984	0.00567088	-0.00567088	0.999984	-21.9959	7.92259
0.999981	0.00613997	-0.00613997	0.999981	-24.3971	5.29937
0.999975	0.00702415	-0.00702415	0.999975	-26.7439	1.72543
0.999966	0.00823363	-0.00823363	0.999966	-28.253	-2.22852
0.999959	0.00905342	-0.00905342	0.999959	-29.2952	-6.51952
0.999955	0.00949533	-0.00949533	0.999955	-29.4676	-11.1905
0.999951	0.00992648	-0.00992648	0.999951	-29.7058	-14.8455
0.999952	0.00977798	-0.00977798	0.999952	-30.1682	-18.9238
0.999953	0.00968576	-0.00968576	0.999953	-30.0056	-21.5684
0.999961	0.00884101	-0.00884101	0.999961	-28.6462	-22.2871
0.999973	0.00731707	-0.00731707	0.999973	-26.702	-21.1905
0.999985	0.00552151	-0.00552151	0.999985	-25.0381	-18.9692
0.999997	0.00235471	-0.00235471	0.999997	-19.1736	-13.7612
0.999999	-0.00170108	0.00170108	0.999999	-9.84217	-6.71442
0.999991	-0.00425802	0.00425802	0.999991	-2.35519	-1.48527
0.999988	-0.00499636	0.00499636	0.999988	2.59578	3.24974
0.999994	-0.00348067	0.00348067	0.999994	-0.552263	3.39056
0.999994	-0.00348348	0.00348348	0.999994	1.89367	4.37147
0.999993	-0.00380757	0.00380757	0.999993	7.74611	5.75381
0.999989	-0.00465468	0.00465468	0.999989	14.8042	7.35393
0.999989	-0.00473424	0.00473424	0.999989	22.0661	8.77871
0.999983	-0.00580599	0.00580599	0.999983	30.1021	9.25572
0.999976	-0.00697592	0.00697592	0.999976	38.5848	9.94455
0.999974	-0.00720526	0.00720526	0.999974	46.3406	12.0212
0.99997	-0.0076897	0.0076897	0.99997	52.8688	13.8695
0.999973	-0.0073724	0.0073724	0.999973	57.4039	15.4468
0.999978	-0.00670159	0.00670159	0.999978	58.4737	15.9804
0.999982	-0.00598974	0.00598974	0.999982	56.7829	14.9081
0.999983	-0.00575658	0.00575658	0.999983	54.9765	12.3215
0.99999	-0.00453906	0.00453906	0.99999	54.9253	11.0183
0.999995	-0.00311527	0.00311527	0.999995	54.7128	12.8955
0.999997	-0.0024479	0.0024479	0.999997	52.2749	15.4876
1	0.000214056	-0.000214056	1	45.364	18.2862
0.99999	0.00449981	-0.00449981	0.99999	29.1447	15.4995
0.999938	-0.0111765	0.0111765	0.999938	18.2616	-11.5847
0.999994	-0.00339502	0.00339502	0.999994	-0.796779	-16.1918
0.999994	0.00348656	-0.00348656	0.999994	-12.7778	-16.7331
0.999971	0.00766163	-0.00766163	0.999971	-18.4282	-13.464
0.999956	0.00937733	-0.00937733	0.999956	-27.5876	-11.2253
0.999964	0.00846731	-0.00846731	0.999964	-39.1179	-10.5434
0.99997	0.00768761	-0.00768761	0.99997	-49.1807	-10.4756
0.999977	0.00676318	-0.00676318	0.999977	-52.4314	-9.07965
0.999975	0.00703812	-0.00703812	0.999975	-49.3059	-6.59425
0.99997	0.00768571	-0.00768571	0.99997	-47.8018	-3.64279
0.999971	0.00765445	-0.00765445	0.999971	-56.4542	-2.63609
0.999968	0.00803831	-0.00803831	0.999968	-64.5429	-1.69873
0.99997	0.0078039	-0.0078039	0.99997	-70.2009	-1.20089
0.999975	0.00704606	-0.00704606	0.999975	-74.4385	-0.683373
0.999981	0.00611287	-0.00611287	0.999981	-78.4109	-1.19895
0.999984	0.00570158	-0.00570158	0.999984	-82.5669	-3.00054
0.999987	0.00518258	-0.00518258	0.999987	-75.6893	-2.3319
0.999984	0.00572966	-0.00572966	0.999984	-76.0976	-0.448538
0.999994	0.00332762	-0.00332762	0.999994	-65.9846	2.31532
0.999999	0.00131117	-0.00131117	0.999999	-57.6656	3.41601
0.999997	0.00261203	-0.00261203	0.999997	-65.5033	-2.45252
0.999999	-0.0013979	0.0013979	0.999999	-57.291	-6.23381
0.999954	-0.00958749	0.00958749	0.999954	-37.9679	-7.9777
0.999993	0.00368012	-0.00368012	0.999993	-45.5924	2.71442
0.999993	0.00375735	-0.00375735	0.999993	-30.5536	8.89117
0.999997	0.00245409	-0.00245409	0.999997	-19.188	10.2219
0.999998	0.0019544	-0.0019544	0.999998	-10.4912	9.86749
1	-0.00048515	0.00048515	1	-0.246169	7.78707
0.999994	-0.003367	0.003367	0.999994	14.4987	7.55211
0.999978	-0.00659799	0.00659799	0.999978	32.6028	9.93589
0.999943	-0.0106678	0.0106678	0.999943	47.4807	11.4089
0.999937	-0.0112569	0.0112569	0.999937	52.3201	11.0305
0.99995	-0.0100314	0.0100314	0.99995	49.2848	7.4553
0.999964	-0.00844947	0.00844947	0.999964	43.31	5.32721
0.99997	-0.00774967	0.00774967	0.99997	35.6483	3.7759
0.999967	-0.00808951	0.00808951	0.999967	26.0114	3.00444
0.999954	-0.00954584	0.00954584	0.999954	16.4569	4.69549
0.999943	-0.0106534	0.0106534	0.999943	17.6236	2.38034
0.999938	-0.0111127	0.0111127	0.999938	20.8207	-2.18295
0.999937	-0.0112574	0.0112574	0.999937	24.8578	-7.51159
0.999951	-0.00985636	0.00985636	0.999951	29.6157	-10.0389
0.999971	-0.00756069	0.00756069	0.999971	31.0448	-10.8364
0.999987	-0.00501037	0.00501037	0.999987	29.9628	-11.6163
0.999998	-0.00219453	0.00219453	0.999998	27.1262	-13.1113
0.999998	0.0018888	-0.0018888	0.999998	19.7004	-15.2816
0.999992	0.00410114	-0.00410114	0.999992	13.3796	-16.1341
0.999994	0.00347788	-0.00347788	0.999994	13.3221	-15.771
0.999988	0.00495327	-0.00495327	0.999988	11.55	-12.4197
0.999986	0.00522504	-0.00522504	0.999986	10.3215	-8.29448
0.999992	0.00396277	-0.00396277	0.999992	9.12554	-4.70608
0.999996	0.00271745	-0.00271745	0.999996	8.48915	-2.21952
0.999999	0.00125524	-0.00125524	0.999999	9.49357	-0.251265
1	0.000200706	-0.000200706	1	10.6836	1.55958
1	7.52522e-006	-7.52522e-006	1	12.4814	2.98294
1	0.000373708	-0.000373708	1	13.1241	4.56198
1	0.000694061	-0.000694061	1	12.9559	6.01827
1	0.00045042	-0.00045042	1	12.4843	7.11677
1	-0.000156812	0.000156812	1	11.8313	7.62178
1	0.00016359	-0.00016359	1	11.2484	8.4151
1	0.000576477	-0.000576477	1	11.1976	9.04109
0.999999	0.00147063	-0.00147063	0.999999	11.2748	9.65224
0.999996	0.00273047	-0.00273047	0.999996	9.71426	9.55626
0.999993	0.00366588	-0.00366588	0.999993	7.37396	7.21727
0.999987	0.00509294	-0.00509294	0.999987	5.79927	4.43714
0.99998	0.00634884	-0.00634884	0.99998	5.78156	1.11853
0.999977	0.00685227	-0.00685227	0.999977	8.53115	-0.677405
0.999975	0.00704579	-0.00704579	0.999975	11.4719	-2.63406
0.999973	0.00733185	-0.00733185	0.999973	14.1018	-5.70004
0.999973	0.00734956	-0.00734956	0.999973	16.3653	-9.82984
0.99999	0.00444714	-0.00444714	0.99999	20.594	-13.7287
0.999999	0.00114643	-0.00114643	0.999999	26.9653	-15.9397
0.999999	-0.00166606	0.00166606	0.999999	34.0651	-15.6752
0.999993	-0.00381772	0.00381772	0.999993	41.2004	-13.2972
0.999988	-0.00492358	0.00492358	0.999988	47.787	-9.62163
0.99999	-0.00453223	0.00453223	0.99999	53.357	-4.74925
0.999998	-0.00210265	0.00210265	0.999998	51.2036	2.83466
1	0.000362061	-0.000362061	1	39.3007	10.2379
1	0.000814067	-0.000814067	1	27.3548	13.2696
0.999999	0.00121394	-0.00121394	0.999999	15.0528	14.5652
0.999999	0.00122451	-0.00122451	0.999999	3.144	14.6833
1	0.000802176	-0.000802176	1	-7.90225	13.4314
1	-0.000335603	0.000335603	1	-17.794	11.9864
0.999999	-0.00124155	0.00124155	0.999999	-27.8189	10.5847
0.999997	-0.00260866	0.00260866	0.999997	-36.1752	8.43472
0.999992	-0.00402945	0.00402945	0.999992	-39.1958	6.66033
0.999978	-0.00656549	0.00656549	0.999978	-36.8451	4.37627
0.99997	-0.00780871	0.00780871	0.99997	-29.4191	3.47656
0.999962	-0.00870468	0.00870468	0.999962	-32.2303	-2.07288
0.999979	-0.00641494	0.00641494	0.999979	-35.7525	-7.35908
0.99999	-0.00446317	0.00446317	0.99999	-34.6605	-6.29692
0.999997	-0.00229953	0.00229953	0.999997	-34.7886	-5.27537
0.999998	-0.00186211	0.00186211	0.999998	-33.3779	-5.38939
0.999999	-0.00156135	0.00156135	0.999999	-32.7243	-8.15731
1	-0.000985968	0.000985968	1	-33.6819	-12.8424
1	9.05109e-006	-9.05109e-006	1	-34.8328	-16.6649
0.999999	0.00155126	-0.00155126	0.999999	-34.8837	-18.7035
0.999995	0.00303295	-0.00303295	0.999995	-32.8015	-17.8985
0.999994	0.00342592	-0.00342592	0.999994	-28.4685	-15.4893
0.999996	0.00283286	-0.00283286	0.999996	-22.7164	-12.7215
0.999997	0.00229867	-0.00229867	0.999997	-18.1916	-9.78647
0.999998	0.00216379	-0.00216379	0.999998	-17.4473	-7.15946
0.999998	0.00222766	-0.00222766	0.999998	-16.9027	-4.12649
0.999995	0.00307436	-0.00307436	0.999995	-17.3415	-0.906905
0.999991	0.00418721	-0.00418721	0.999991	-18.4918	2.4805
0.999986	0.00528238	-0.00528238	0.999986	-20.4734	6.16271
0.999981	0.00613421	-0.00613421	0.999981	-21.0933	9.91103
0.999979	0.0065468	-0.0065468	0.999979	-19.088	14.513
0.999972	0.00753296	-0.00753296	0.999972	-16.0641	19.0114
0.999961	0.00879886	-0.00879886	0.999961	-13.4578	22.5019
0.999966	0.00820219	-0.00820219	0.999966	-11.1734	21.9758
0.999961	0.00877672	-0.00877672	0.999961	-5.14296	21.6663
0.99997	0.00773881	-0.00773881	0.99997	2.60502	19.9273
0.999988	0.00483507	-0.00483507	0.999988	10.4651	17.5098
0.999996	0.00290327	-0.00290327	0.999996	17.7497	14.2093
0.999999	0.00143032	-0.00143032	0.999999	23.598	6.31492
1	-0.000838423	0.000838423	1	33.6082	-9.63376
0.999997	-0.00263766	0.00263766	0.999997	36.7763	-19.7691
0.999993	-0.00379957	0.00379957	0.999993	36.7506	-24.3008
0.999997	-0.00244564	0.00244564	0.999997	33.4858	-24.0449
0.999997	-0.00258109	0.00258109	0.999997	30.9893	-26.4201
0.999996	-0.0028617	0.0028617	0.999996	28.5726	-26.5033
0.999994	-0.00339432	0.00339432	0.999994	26.6887	-23.8141
0.999995	-0.00325802	0.00325802	0.999995	26.601	-18.3551
0.999996	-0.00285793	0.00285793	0.999996	27.6874	-11.3508
0.999997	-0.00253701	0.00253701	0.999997	29.0142	-3.00748
0.999994	-0.00336284	0.00336284	0.999994	28.9812	3.47415
0.999987	-0.00504322	0.00504322	0.999987	28.8121	8.68317
0.999979	-0.00644674	0.00644674	0.999979	26.842	12.8782
0.999967	-0.00816082	0.00816082	0.999967	20.8771	16.2929
0.999955	-0.00945832	0.00945832	0.999955	19.4539	18.4955
0.999934	-0.011462	0.011462	0.999934	22.8855	18.4289
0.999909	-0.0135153	0.0135153	0.999909	23.7343	16.4517
0.999907	-0.0136059	0.0136059	0.999907	18.991	9.29409
0.999943	-0.0107067	0.0107067	0.999943	15.4781	6.73563
0.999955	-0.00945285	0.00945285	0.999955	12.455	6.23942
0.999952	-0.00976981	0.00976981	0.999952	14.327	5.64353
0.999974	-0.00722771	0.00722771	0.999974	7.59183	3.23502
1	-0.000979954	0.000979954	1	-12.1725	-4.21038
0.999993	0.00379628	-0.00379628	0.999993	-26.3769	-12.7313
0.999982	0.00595988	-0.00595988	0.999982	-34.6765	-19.3631
0.999985	0.00541386	-0.00541386	0.999985	-34.8699	-22.0407
0.999992	0.00398096	-0.00398096	0.999992	-29.0033	-21.7307
0.999991	0.00429963	-0.00429963	0.999991	-27.9186	-21.5012
0.999988	0.00481847	-0.00481847	0.999988	-28.666	-19.9385
0.999988	0.00499812	-0.00499812	0.999988	-28.8485	-16.7749
0.999989	0.00478917	-0.00478917	0.999989	-28.0388	-12.8412
0.999987	0.00517066	-0.00517066	0.999987	-27.6182	-8.23293
0.999986	0.00536115	-0.00536115	0.999986	-27.5492	-3.94205
0.999983	0.00579665	-0.00579665	0.999983	-26.1619	0.15424
0.999983	0.00587053	-0.00587053	0.999983	-22.8643	4.06375
0.999981	0.00616296	-0.00616296	0.999981	-19.581	7.66891
0.99998	0.00629017	-0.00629017	0.99998	-16.1973	10.701
0.99998	0.00632761	-0.00632761	0.99998	-14.079	12.741
0.99998	0.00637967	-0.00637967	0.99998	-13.2479	11.888
0.999972	0.0074573	-0.0074573	0.999972	-11.5099	9.77497
0.999976	0.0069688	-0.0069688	0.999976	-6.6667	7.03551
0.999979	0.00654419	-0.00654419	0.999979	1.02267	7.19052
0.99999	0.00440808	-0.00440808	0.99999	7.96221	6.6412
0.999998	0.00187359	-0.00187359	0.999998	15.5886	5.51468
1	-0.00050895	0.00050895	1	23.8435	4.78434
0.999996	-0.00294924	0.00294924	0.999996	31.5409	3.4025
0.999987	-0.00502276	0.00502276	0.999987	37.6652	1.15856
0.999983	-0.00584624	0.00584624	0.999983	42.57	-1.5264
0.999988	-0.0048171	0.0048171	0.999988	46.1886	-4.14056
0.999997	-0.00254585	0.00254585	0.999997	48.3077	-6.53492
1	-0.00038025	0.00038025	1	49.001	-8.36313
1	0.000558472	-0.000558472	1	47.862	-10.2964
1	0.000866072	-0.000866072	1	39.3639	-10.5768
1	0.000177515	-0.000177515	1	30.1132	-9.81077
0.999999	-0.00107142	0.00107142	0.999999	18.7461	-7.88479
0.999997	-0.00256624	0.00256624	0.999997	3.99636	-4.84842
0.999995	-0.00316055	0.00316055	0.999995	-16.7833	-0.476388
0.999998	-0.00181216	0.00181216	0.999998	-38.0824	4.2062
0.999996	-0.00266417	0.00266417	0.999996	-50.6576	7.38144
0.999994	-0.00356289	0.00356289	0.999994	-55.2619	7.92424
0.999998	-0.00218216	0.00218216	0.999998	-58.0195	8.25505
0.999999	0.00139927	-0.00139927	0.999999	-65.5604	12.9274
