 		 Inside Next Frame Transformation Method
  			(x, y, angle values Respectively)

9.8204e-207	9.8204e-207
9.8204e-207	9.8204e-207
6.69007e-202	6.69007e-202
6.69007e-202	6.69007e-202
9.63377e-178	9.63377e-178
6.564e-173	6.564e-173
2.81991e-163	2.8199e-163
2.81991e-163	2.8199e-163
2.81991e-163	2.8199e-163
2.76395e+127	6.42045e+204
1.98894e-192	4.62202e-115
1.09227e-240	2.37207e-221
5.29724e-173	7.77329e-178
4.89796e-202	2.3237e-192
7.08284e-207	2.37339e-134
1.26943e+079	6.7438e+204
3.88796e-197	1.74364e-216
5.6764e-202	5.6764e-202
1.17004e-240	1.17004e-240
4.86424e-231	4.86424e-231
3.29377e-226	2.24292e-221
1.38035e-211	1.38035e-211
1.38035e-211	1.38035e-211
4.32622e+010	4.32622e+010
1.70806e-062	1.70806e-062
7.33608e-053	7.33608e-053
-8.20969e-258	-8.20969e-258
-1.68962e-238	-1.68962e-238
7.66735e+257	5.22245e+262
5.10144e-173	5.10144e-173
2.98638e-192	2.98638e-192
2.98638e-192	2.98638e-192
2.98638e-192	2.98638e-192
1.02189e-206	1.02189e-206
3.62993e-221	3.62993e-221
5.7745e-197	5.7745e-197
1.7389e-211	1.7389e-211
1.99964e-095	2.56163e-216
0.00106055	1.93716e+195
2.71438e-163	1.61723e+079
1.16553e-153	1.16553e-153
2.15942e-221	3.18908e-226
4.65079e-202	1.52539e-187
1.17004e-240	3.84538e-226
6.17327e-231	3.19057e-105
5.001e+064	3.97425e+214
2.62112e+045	2.10057e-216
6.82115e-231	4.6822e-226
9.91107e-236	6.81864e-231
9.91491e-236	4.6822e-226
1.63449e+277	5.08492e+233
-5.28535e-282	-1.12999e-291
6.90348e-135	6.90348e-135
2.04073e-120	2.04073e-120
1.94467e-120	1.94467e-120
1.44919e-033	1.44919e-033
3.08147e-226	3.08147e-226
3.08147e-226	3.08147e-226
3.08147e-226	3.08147e-226
9.05977e-241	9.05977e-241
5.69267e-236	5.69267e-236
2.68119e-255	2.68119e-255
1.87818e-221	4.04966e-231
2.65605e-226	2.65605e-226
1.4975e-245	1.4975e-245
1.44074e-245	1.44074e-245
1.44074e-245	1.44074e-245
1.44074e-245	1.44074e-245
1.32154e-008	9.54769e+083
1.55538e-245	2.24184e-221
2.37161e-250	1.61169e-245
3.18617e-226	3.18617e-226
3.18617e-226	6.92505e-236
3.47524e-168	1.0008e-269
3.4183e-226	5.02275e-231
1.05697e-240	1.05697e-240
4.09355e-260	5.93491e-265
5.94222e-236	5.94222e-236
5.94222e-236	5.94222e-236
5.94222e-236	5.94222e-236
4.86298e-231	4.86298e-231
2.37908e-221	2.37908e-221
2.37908e-221	2.37908e-221
2.37908e-221	2.37908e-221
3.59471e-202	3.59471e-202
8.71848e-164	8.71848e-164
1.76741e-062	1.76741e-062
3.48539e-043	3.48539e-043
8.11504e-053	8.11504e-053
7.85811e-053	7.85811e-053
1.40142e-033	1.40142e-033
1.40142e-033	1.40142e-033
1.59493e-115	1.59493e-115
3.29377e-226	3.29377e-226
5.83352e+030	3.28232e-139
5.32812e-260	7.51076e-294
1.36987e-216	1.36987e-216
5.02276e-231	5.02276e-231
3.85037e-202	3.85037e-202
1.87819e-221	1.63886e+045
2.12715e-226	2.12715e-226
1.05697e-240	1.05697e-240
8.45024e-236	8.45024e-236
1.50444e-013	6.60875e-033
2.77416e+006	1.9043e+011
3.05771e-144	1.45139e-134
2.26144e-197	2.26144e-197
2.17849e-197	3.19602e-202
6.25081e-212	2.94086e-202
1.78176e+040	2.51046e+006
4.20396e+262	2.63162e+180
2.12349e-081	2.16977e-110
3.18341e-115	1.4767e-105
6.78035e+199	4.22833e+088
1.74965e-018	4.45201e+117
7.40843e-125	5.04958e-120
9.08294e-217	6.2508e-212
2.51293e-197	1.15365e-187
7.5698e-183	1.11605e-187
1.17188e-042	1.17188e-042
4.86059e-120	3.52924e-057
6.92506e-236	6.92506e-236
6.92506e-236	6.92506e-236
4.86424e-231	3.29377e-226
7.93648e-082	7.93648e-082
2.4671e-096	2.4671e-096
1.00179e-134	1.00179e-134
-8.22087e-258	-8.22087e-258
7.10262e-207	7.10262e-207
3.3863e-197	3.3863e-197
8.27063e-207	8.27063e-207
8.27063e-207	8.27063e-207
8.27063e-207	8.27063e-207
8.27063e-207	8.27063e-207
8.27063e-207	8.27063e-207
1.32141e-211	1.32141e-211
1.38035e-211	1.38035e-211
-3.93132e-248	-3.93132e-248
1.65347e-120	1.65347e-120
4.97816e-048	4.97816e-048
4.86298e-231	4.86298e-231
9.05978e-241	9.05978e-241
9.81841e-241	9.81841e-241
2.6441e+006	7.99126e-009
7.13731e-212	7.13731e-212
9.28e+020	9.28e+020
1.44194e+132	42.2917
5.41985e-033	9.26765e+107
-2.362e+226	-2.362e+226
-1.09345e-262	-1.09345e-262
-6.29668e-229	-6.29668e-229
-4.21895e+245	-4.21895e+245
-2.8401e-209	-2.8401e-209
-8.0332e-200	-8.0332e-200
9.41355e+208	9.41354e+208
-5.36082e-166	-5.36082e-166
-1.86422e-122	-1.86422e-122
-1.86422e-122	-1.86422e-122
-2.71269e-098	-2.71269e-098
-2.71269e-098	-2.71269e-098
7.38223e+151	7.38223e+151
7.46343e+127	7.46343e+127
9.7579e+098	9.7579e+098
2.08995e+118	2.08995e+118
2.26536e+176	3.33542e+171
-1.60897e-112	-1.60897e-112
-3.29842e-040	-3.29842e-040
2.89431e+262	2.89431e+262
-8.95102e-026	-8.95102e-026
-1.02536e-025	-1.02536e-025
-1.13584e-020	-1.13584e-020
-3.04055e-030	-3.04055e-030
-1.04505e-044	-7.07933e-040
-3.68712e+279	-3.68712e+279
-1.82677e+289	-8.37115e+298
-1.#QNAN	-1.#QNAN
-1.#QNAN	-1.#QNAN
3.67372e+059	3.67372e+059
9.45741e+044	9.45741e+044
1.46895e+069	9.98167e+073
8.5264e-072	2.92383e-028
-7.40305e-050	-1.59871e-059
-5.23757e-074	-5.23757e-074
5.00434e+107	1.56414e+122
-3.49967e-074	-3.49967e-074
-4.93206e-103	-4.93206e-103
-1.70447e+289	-1.70447e+289
-5.48478e+303	-5.48478e+303
-8.37115e+298	-8.37115e+298
-8.37115e+298	-8.37115e+298
-8.37115e+298	-8.37115e+298
-2.50643e+284	-7.84284e+298
4.89918e+291	6.96247e+228
5.11083e+291	1.5208e+190
1.30186e+045	1.74968e-018
2.51885e-052	2.51885e-052
1.65004e-076	1.65005e-076
1.91385e-076	1.31108e-071
2.29343e-018	2.29343e-018
6.12718e-149	6.12718e-149
8.13426e+054	5.13773e+030
1.59165e-071	3.66628e-023
1.2121e-158	1.76235e-163
8.65694e-207	8.65694e-207
2.65897e-221	2.65897e-221
6.44088e-202	4.38898e-197
2.10731e-216	2.10731e-216
2.10731e-216	2.10731e-216
3.07664e-221	3.07664e-221
3.07664e-221	3.07664e-221
3.56383e-149	2.41599e-144
5.43943e-154	3.68746e-149
5.43943e-154	3.68746e-149
3.84372e-226	3.84372e-226
2.65789e-221	1.83288e-216
3.98194e-202	3.98194e-202
3.98194e-202	3.98194e-202
1.16974e-240	1.16974e-240
4.86298e-231	4.86298e-231
5.02149e-231	5.02149e-231
3.29295e-226	3.29295e-226
5.68128e-207	2.60797e-197
9.72379e+020	1.65394e-192
6.42404e-236	6.42405e-236
1.09359e-240	3.415e-226
1.01005e-066	6.21294e-178
3.25173e-052	1.6468e-013
1.08877e-245	1.57369e-250
2.79056e-168	8.97784e-154
3.63601e-086	1.73505e-076
1.24867e+016	7.99129e-009
8.0049e-096	4.00341e-057
1.00776e-187	1.02916e-158
3.67918e-057	3.43225e-115
1.39331e-076	9.69945e-072
-7.88399e+240	-7.88399e+240
-1.26684e+236	-1.26684e+236
-1.26684e+236	-1.26684e+236
-1.26684e+236	-1.26684e+236
-1.26684e+236	-1.26684e+236
-3.49071e+221	-7.88399e+240
-3.49071e+221	-3.49071e+221
-3.49071e+221	-5.15337e+216
-1.6125e+173	-3.54709e+192
-3.74554e+250	-3.74554e+250
-3.74554e+250	-3.74554e+250
-3.74554e+250	-3.74554e+250
-2.57244e+255	-2.57244e+255
-2.57244e+255	-2.57244e+255
4.754e-125	4.754e-125
5.05114e-120	2.33643e-110
4.09342e-028	1.36618e-013
1.74505e-163	1.74505e-163
1.29975e+132	8.45521e+078
1.17187e-042	1.17187e-042
8.19964e-067	5.61776e-062
1.2491e+016	1.81974e+011
2.33642e-110	3.4377e-115
5.37658e-062	1.65005e-076
4.13249e-202	2.87615e-197
9.63096e-212	9.63096e-212
2.08891e-221	2.08891e-221
3.29295e-226	3.29295e-226
3.29295e-226	3.29295e-226
2.08891e-221	2.08891e-221
2.08891e-221	2.08891e-221
2.15753e-221	1.4685e-216
1.49127e-158	1.28004e-303
9.05684e-241	9.05684e-241
9.81841e-241	9.81841e-241
6.68127e-236	6.68127e-236
9.76302e-154	9.57493e-125
1.41492e+016	8.92714e-067
2.3865e-081	4.94045e-091
9.71283e-188	6.60166e-183
1.02916e-158	1.48321e-163
1.0431e-187	1.0431e-187
2.26144e-197	3.32261e-202
6.8449e-212	1.45484e-221
2.11479e-226	6.84722e-212
5.60942e-033	1.21797e-013
1.41303e+103	1.96355e+069
3.8416e-057	3.8416e-057
5.61095e-033	5.61095e-033
8.1968e-067	1.73507e-076
5.61093e-033	5.61094e-033
1.07464e-100	1.07464e-100
1.07492e-100	2.3865e-081
7.27777e-096	4.93805e-091
2.01126e-197	2.01126e-197
9.71287e-188	2.05772e-168
1.53664e-192	2.26079e-197
3.37421e-144	1.02739e-158
1.90432e+011	8.45341e-009
1.46779e-216	2.15699e-221
1.46779e-216	2.15699e-221
9.63561e-212	9.63561e-212
3.84537e-226	3.84537e-226
3.84537e-226	3.84537e-226
3.5744e-125	3.5744e-125
